396.719635 -2.142895 396.376099 -2.141438 
103.148827 -2.713696 104.362946 -2.712078 
139.288589 0.983158 137.987320 0.994020 
195.847595 -0.213247 193.083527 -0.202485 
223.561798 -2.997961 223.835464 -3.000467 
167.009003 -0.746093 166.828690 -0.742447 
246.298981 -0.747329 243.629974 -0.742447 
81.425217 -2.062577 80.689606 -2.080078 
201.785156 -0.543358 200.267471 -0.533825 
70.554710 -2.785566 71.864891 -2.816389 
238.421494 -0.272658 236.543869 -0.269981 
163.582947 0.639515 162.400925 0.638136 
331.558411 -1.750433 329.529388 -1.748738 
307.637665 1.255950 306.463898 1.270136 
144.221924 1.300684 143.292755 1.319224 
163.912262 2.738554 164.269592 2.748894 
149.271515 -2.298935 149.198898 -2.300972 
127.455193 -1.689528 125.461151 -1.687379 
81.393517 -0.143108 80.363625 -0.141126 
100.329247 1.014010 100.071228 1.024699 
58.793869 -1.754908 57.903477 -1.761010 
58.146671 -2.252320 57.812195 -2.270292 
362.097595 3.075598 362.637909 3.086370 
93.640205 -1.829495 94.240387 -1.828505 
269.522858 -2.146338 268.273407 -2.147573 
252.736206 -1.482253 251.378693 -1.491030 
262.348907 0.674755 260.185638 0.674952 
199.950867 -0.226619 198.251419 -0.220893 
457.200287 -1.995578 454.583405 -1.994175 
191.886200 0.878123 189.145615 0.883573 
101.447525 -0.509250 100.261223 -0.503146 
200.949768 -2.139940 200.546280 -2.141438 
136.609589 0.469193 134.733536 0.478602 
97.542923 -0.853337 96.237015 -0.859029 
178.614380 -2.658216 178.463760 -2.656855 
334.268738 1.331643 331.090729 1.337631 
60.872395 1.907319 60.218872 1.926680 
143.699814 2.192440 143.661270 2.196661 
219.552628 -3.135834 219.250000 0.000000 
64.139587 0.348621 62.795303 0.343612 
39.990692 3.035701 40.860279 3.074098 
291.734253 1.749596 290.177734 1.748738 
287.945496 -2.822031 288.243164 -2.822525 
185.507339 -1.698051 183.823456 -1.693515 
208.514420 1.001363 206.544189 1.006292 
221.334793 2.496172 221.752258 2.503457 
101.344963 0.326392 100.641998 0.325204 
168.719467 -2.399605 169.641724 -2.393010 
232.239456 -1.083987 230.500137 -1.079923 
154.144653 2.666695 154.178879 2.681399 
181.611404 -2.090038 181.958954 -2.086214 
126.012268 2.184697 124.588570 2.184389 
203.022552 -0.999011 201.657669 -1.000156 
330.976837 0.600257 328.782043 0.607456 
278.774750 1.625265 276.772583 1.626020 
199.319168 1.828780 199.223801 1.828505 
240.167969 0.243150 237.928558 0.239301 
109.623695 0.422920 108.747414 0.423379 
88.379150 0.377849 87.000359 0.374291 
168.571640 -1.201025 167.896545 -1.214913 
118.921257 -2.075559 119.106308 -2.086214 
171.708374 1.387007 169.136963 1.398991 
90.011391 2.896117 90.405334 2.902292 
86.815842 0.566583 86.192009 0.576777 
100.750755 0.795802 99.551811 0.809942 
250.736389 1.669346 248.941391 1.668971 
63.801929 1.802713 61.423225 1.816233 
269.280914 2.186369 267.693024 2.196661 
260.594971 -1.757879 258.542175 -1.754874 
142.787582 -0.632008 141.456924 -0.632000 
96.618301 1.701818 96.804573 1.718059 
191.268661 1.002077 191.091934 1.012427 
206.082947 0.128753 204.820801 0.134990 
172.465073 2.959371 172.829758 2.969787 
96.664513 0.725208 94.942749 0.717903 
138.060883 0.426698 135.687607 0.423379 
152.903595 3.101928 153.627182 3.104778 
333.908875 0.306082 332.691498 0.312932 
191.491043 1.641517 189.405975 1.650563 
166.020538 0.355013 165.438248 0.355884 
212.063431 -0.828987 210.565018 -0.828350 
229.245895 2.202695 227.350082 2.208933 
137.553604 0.135914 135.170502 0.122718 
39.301342 1.992880 39.579823 2.043263 
120.199318 0.677905 117.993645 0.681088 
247.374557 0.878102 244.487350 0.877437 
227.060898 1.204664 224.924011 1.214913 
206.105911 1.675346 206.203934 1.668971 
297.477844 2.795484 297.527832 2.810253 
67.753387 -2.238000 67.897903 -2.245748 
181.619644 1.504444 181.333939 1.515573 
353.617523 1.140916 351.774445 1.153554 
279.704712 -0.318072 277.731995 -0.312932 
244.758652 1.971170 242.495483 1.981903 
128.305817 2.741239 129.174545 2.742758 
54.192753 0.545624 53.344398 0.552233 
146.160400 0.524037 144.704224 0.533825 
151.981598 0.456887 150.599213 0.466330 
156.229568 0.616978 153.854645 0.619728 
44.192966 -0.721093 43.500000 -0.754719 
